1       4
15      4
44      6
45      4
50      6
51      4
72      4
75      4
85      4
115     4
152     4
163     4
171     4
186     4
192     6
193     4
197     4
204     4
216     4
233     4
250     4
253     4
255     8
256     6
257     4
269     4
300     4
321     4
323     4
351     4
375     4
378     4
411     4
438     6
439     4
446     12
447     4
447     10
448     8
449     6
450     4
453     4
466     4
473     4
536     4
585     4
631     4
634     8
635     6
636     4
639     4
655     4
676     4
684     4
695     4
698     4
722     4
733     4
746     6
747     4
748     6
749     4
754     6
755     4
762     6
763     4
778     6
779     4
819     4
856     6
857     4
899     4

